    0.10000E-03    0.42861E+03
    0.10202E-03    0.43692E+03
    0.10408E-03    0.44538E+03
    0.10618E-03    0.45401E+03
    0.10833E-03    0.46281E+03
    0.11052E-03    0.47178E+03
    0.11275E-03    0.48092E+03
    0.11503E-03    0.49023E+03
    0.11735E-03    0.49973E+03
    0.11972E-03    0.50941E+03
    0.12214E-03    0.51928E+03
    0.12461E-03    0.52934E+03
    0.12712E-03    0.53960E+03
    0.12969E-03    0.55005E+03
    0.13231E-03    0.56070E+03
    0.13499E-03    0.57156E+03
    0.13771E-03    0.58263E+03
    0.14049E-03    0.59392E+03
    0.14333E-03    0.60542E+03
    0.14623E-03    0.61715E+03
    0.14918E-03    0.62910E+03
    0.15220E-03    0.64128E+03
    0.15527E-03    0.65370E+03
    0.15841E-03    0.66636E+03
    0.16161E-03    0.67926E+03
    0.16487E-03    0.69241E+03
    0.16820E-03    0.70582E+03
    0.17160E-03    0.71948E+03
    0.17507E-03    0.73341E+03
    0.17860E-03    0.74761E+03
    0.18221E-03    0.76208E+03
    0.18589E-03    0.77683E+03
    0.18965E-03    0.79187E+03
    0.19348E-03    0.80719E+03
    0.19739E-03    0.82281E+03
    0.20138E-03    0.83874E+03
    0.20544E-03    0.85497E+03
    0.20959E-03    0.87151E+03
    0.21383E-03    0.88837E+03
    0.21815E-03    0.90555E+03
    0.22255E-03    0.92307E+03
    0.22705E-03    0.94092E+03
    0.23164E-03    0.95912E+03
    0.23632E-03    0.97767E+03
    0.24109E-03    0.99657E+03
    0.24596E-03    0.10158E+04
    0.25093E-03    0.10355E+04
    0.25600E-03    0.10555E+04
    0.26117E-03    0.10759E+04
    0.26645E-03    0.10967E+04
    0.27183E-03    0.11179E+04
    0.27732E-03    0.11395E+04
    0.28292E-03    0.11615E+04
    0.28864E-03    0.11839E+04
    0.29447E-03    0.12068E+04
    0.30042E-03    0.12301E+04
    0.30649E-03    0.12538E+04
    0.31268E-03    0.12781E+04
    0.31899E-03    0.13027E+04
    0.32544E-03    0.13279E+04
    0.33201E-03    0.13535E+04
    0.33872E-03    0.13796E+04
    0.34556E-03    0.14062E+04
    0.35254E-03    0.14333E+04
    0.35966E-03    0.14610E+04
    0.36693E-03    0.14891E+04
    0.37434E-03    0.15178E+04
    0.38190E-03    0.15471E+04
    0.38962E-03    0.15769E+04
    0.39749E-03    0.16072E+04
    0.40552E-03    0.16382E+04
    0.41371E-03    0.16697E+04
    0.42207E-03    0.17018E+04
    0.43060E-03    0.17346E+04
    0.43929E-03    0.17679E+04
    0.44817E-03    0.18019E+04
    0.45722E-03    0.18366E+04
    0.46646E-03    0.18719E+04
    0.47588E-03    0.19078E+04
    0.48550E-03    0.19444E+04
    0.49530E-03    0.19818E+04
    0.50531E-03    0.20198E+04
    0.51552E-03    0.20585E+04
    0.52593E-03    0.20980E+04
    0.53656E-03    0.21382E+04
    0.54739E-03    0.21792E+04
    0.55845E-03    0.22209E+04
    0.56973E-03    0.22634E+04
    0.58124E-03    0.23068E+04
    0.59299E-03    0.23509E+04
    0.60496E-03    0.23958E+04
    0.61719E-03    0.24416E+04
    0.62965E-03    0.24882E+04
    0.64237E-03    0.25357E+04
    0.65535E-03    0.25841E+04
    0.66859E-03    0.26334E+04
    0.68210E-03    0.26836E+04
    0.69588E-03    0.27347E+04
    0.70993E-03    0.27867E+04
    0.72427E-03    0.28397E+04
    0.73891E-03    0.28937E+04
    0.75383E-03    0.29487E+04
    0.76906E-03    0.30047E+04
    0.78460E-03    0.30617E+04
    0.80045E-03    0.31197E+04
    0.81662E-03    0.31788E+04
    0.83311E-03    0.32390E+04
    0.84994E-03    0.33003E+04
    0.86711E-03    0.33627E+04
    0.88463E-03    0.34262E+04
    0.90250E-03    0.34908E+04
    0.92073E-03    0.35567E+04
    0.93933E-03    0.36237E+04
    0.95831E-03    0.36919E+04
    0.97767E-03    0.37613E+04
    0.99742E-03    0.38319E+04
    0.10176E-02    0.39039E+04
    0.10381E-02    0.39771E+04
    0.10591E-02    0.40516E+04
    0.10805E-02    0.41274E+04
    0.11023E-02    0.42045E+04
    0.11246E-02    0.42830E+04
    0.11473E-02    0.43629E+04
    0.11705E-02    0.44441E+04
    0.11941E-02    0.45268E+04
    0.12182E-02    0.46109E+04
    0.12429E-02    0.46965E+04
    0.12680E-02    0.47835E+04
    0.12936E-02    0.48721E+04
    0.13197E-02    0.49621E+04
    0.13464E-02    0.50537E+04
    0.13736E-02    0.51468E+04
    0.14013E-02    0.52415E+04
    0.14296E-02    0.53378E+04
    0.14585E-02    0.54357E+04
    0.14880E-02    0.55353E+04
    0.15180E-02    0.56365E+04
    0.15487E-02    0.57394E+04
    0.15800E-02    0.58439E+04
    0.16119E-02    0.59502E+04
    0.16445E-02    0.60582E+04
    0.16777E-02    0.61680E+04
    0.17116E-02    0.62795E+04
    0.17462E-02    0.63929E+04
    0.17814E-02    0.65080E+04
    0.18174E-02    0.66250E+04
    0.18541E-02    0.67438E+04
    0.18916E-02    0.68644E+04
    0.19298E-02    0.69870E+04
    0.19688E-02    0.71115E+04
    0.20086E-02    0.72378E+04
    0.20491E-02    0.73661E+04
    0.20905E-02    0.74964E+04
    0.21328E-02    0.76285E+04
    0.21758E-02    0.77627E+04
    0.22198E-02    0.78989E+04
    0.22646E-02    0.80371E+04
    0.23104E-02    0.81772E+04
    0.23571E-02    0.83194E+04
    0.24047E-02    0.84637E+04
    0.24533E-02    0.86100E+04
    0.25028E-02    0.87583E+04
    0.25534E-02    0.89087E+04
    0.26050E-02    0.90612E+04
    0.26576E-02    0.92158E+04
    0.27113E-02    0.93724E+04
    0.27660E-02    0.95312E+04
    0.28219E-02    0.96920E+04
    0.28789E-02    0.98549E+04
    0.29371E-02    0.10020E+05
    0.29964E-02    0.10187E+05
    0.30569E-02    0.10356E+05
    0.31187E-02    0.10528E+05
    0.31817E-02    0.10701E+05
    0.32460E-02    0.10877E+05
    0.33115E-02    0.11054E+05
    0.33784E-02    0.11234E+05
    0.34467E-02    0.11415E+05
    0.35163E-02    0.11599E+05
    0.35874E-02    0.11785E+05
    0.36598E-02    0.11972E+05
    0.37338E-02    0.12162E+05
    0.38092E-02    0.12354E+05
    0.38861E-02    0.12548E+05
    0.39646E-02    0.12743E+05
    0.40447E-02    0.12940E+05
    0.41264E-02    0.13140E+05
    0.42098E-02    0.13341E+05
    0.42948E-02    0.13544E+05
    0.43816E-02    0.13748E+05
    0.44701E-02    0.13955E+05
    0.45604E-02    0.14163E+05
    0.46525E-02    0.14372E+05
    0.47465E-02    0.14583E+05
    0.48424E-02    0.14796E+05
    0.49402E-02    0.15010E+05
    0.50400E-02    0.15226E+05
    0.51419E-02    0.15443E+05
    0.52457E-02    0.15661E+05
    0.53517E-02    0.15880E+05
    0.54598E-02    0.16101E+05
    0.55701E-02    0.16322E+05
    0.56826E-02    0.16544E+05
    0.57974E-02    0.16768E+05
    0.59145E-02    0.16992E+05
    0.60340E-02    0.17216E+05
    0.61559E-02    0.17441E+05
    0.62803E-02    0.17667E+05
    0.64072E-02    0.17893E+05
    0.65366E-02    0.18119E+05
    0.66686E-02    0.18345E+05
    0.68033E-02    0.18571E+05
    0.69408E-02    0.18797E+05
    0.70810E-02    0.19023E+05
    0.72240E-02    0.19249E+05
    0.73700E-02    0.19473E+05
    0.75189E-02    0.19698E+05
    0.76708E-02    0.19921E+05
    0.78257E-02    0.20143E+05
    0.79838E-02    0.20364E+05
    0.81451E-02    0.20584E+05
    0.83096E-02    0.20802E+05
    0.84775E-02    0.21018E+05
    0.86488E-02    0.21233E+05
    0.88235E-02    0.21445E+05
    0.90017E-02    0.21654E+05
    0.91836E-02    0.21861E+05
    0.93691E-02    0.22065E+05
    0.95583E-02    0.22265E+05
    0.97514E-02    0.22462E+05
    0.99484E-02    0.22656E+05
    0.10149E-01    0.22845E+05
    0.10354E-01    0.23030E+05
    0.10564E-01    0.23211E+05
    0.10777E-01    0.23387E+05
    0.10995E-01    0.23558E+05
    0.11217E-01    0.23725E+05
    0.11443E-01    0.23886E+05
    0.11675E-01    0.24041E+05
    0.11910E-01    0.24191E+05
    0.12151E-01    0.24334E+05
    0.12397E-01    0.24471E+05
    0.12647E-01    0.24601E+05
    0.12902E-01    0.24723E+05
    0.13163E-01    0.24838E+05
    0.13429E-01    0.24945E+05
    0.13700E-01    0.25043E+05
    0.13977E-01    0.25132E+05
    0.14259E-01    0.25212E+05
    0.14547E-01    0.25282E+05
    0.14841E-01    0.25343E+05
    0.15141E-01    0.25392E+05
    0.15447E-01    0.25431E+05
    0.15759E-01    0.25459E+05
    0.16077E-01    0.25476E+05
    0.16402E-01    0.25481E+05
    0.16734E-01    0.25474E+05
    0.17072E-01    0.25455E+05
    0.17416E-01    0.25423E+05
    0.17768E-01    0.25379E+05
    0.18127E-01    0.25321E+05
    0.18493E-01    0.25250E+05
    0.18867E-01    0.25166E+05
    0.19248E-01    0.25067E+05
    0.19637E-01    0.24955E+05
    0.20034E-01    0.24828E+05
    0.20438E-01    0.24686E+05
    0.20851E-01    0.24530E+05
    0.21272E-01    0.24360E+05
    0.21702E-01    0.24174E+05
    0.22141E-01    0.23974E+05
    0.22588E-01    0.23759E+05
    0.23044E-01    0.23529E+05
    0.23510E-01    0.23285E+05
    0.23985E-01    0.23026E+05
    0.24469E-01    0.22752E+05
    0.24964E-01    0.22464E+05
    0.25468E-01    0.22163E+05
    0.25982E-01    0.21848E+05
    0.26507E-01    0.21520E+05
    0.27043E-01    0.21179E+05
    0.27589E-01    0.20826E+05
    0.28146E-01    0.20463E+05
    0.28715E-01    0.20090E+05
    0.29295E-01    0.19707E+05
    0.29887E-01    0.19315E+05
    0.30490E-01    0.18916E+05
    0.31106E-01    0.18510E+05
    0.31735E-01    0.18097E+05
    0.32376E-01    0.17680E+05
    0.33030E-01    0.17258E+05
    0.33697E-01    0.16833E+05
    0.34378E-01    0.16406E+05
    0.35072E-01    0.15978E+05
    0.35781E-01    0.15550E+05
    0.36504E-01    0.15123E+05
    0.37241E-01    0.14698E+05
    0.37993E-01    0.14275E+05
    0.38761E-01    0.13856E+05
    0.39544E-01    0.13441E+05
    0.40343E-01    0.13032E+05
    0.41158E-01    0.12633E+05
    0.41989E-01    0.12243E+05
    0.42838E-01    0.11865E+05
    0.43703E-01    0.11501E+05
    0.44586E-01    0.11151E+05
    0.45486E-01    0.10816E+05
    0.46405E-01    0.10497E+05
    0.47343E-01    0.10194E+05
    0.48299E-01    0.99086E+04
    0.49275E-01    0.96401E+04
    0.50270E-01    0.93882E+04
    0.51286E-01    0.91527E+04
    0.52322E-01    0.89335E+04
    0.53379E-01    0.87304E+04
    0.54457E-01    0.85431E+04
    0.55557E-01    0.83715E+04
    0.56680E-01    0.82155E+04
    0.57825E-01    0.80750E+04
    0.58993E-01    0.79493E+04
    0.60184E-01    0.78364E+04
    0.61400E-01    0.77345E+04
    0.62641E-01    0.76417E+04
    0.63906E-01    0.75564E+04
    0.65197E-01    0.74768E+04
    0.66514E-01    0.74016E+04
    0.67858E-01    0.73291E+04
    0.69229E-01    0.72580E+04
    0.70627E-01    0.71868E+04
    0.72054E-01    0.71138E+04
    0.73510E-01    0.70360E+04
    0.74994E-01    0.69503E+04
    0.76509E-01    0.68538E+04
    0.78055E-01    0.67440E+04
    0.79632E-01    0.66186E+04
    0.81241E-01    0.64754E+04
    0.82882E-01    0.63129E+04
    0.84556E-01    0.61298E+04
    0.86264E-01    0.59255E+04
    0.88007E-01    0.57017E+04
    0.89785E-01    0.54646E+04
    0.91598E-01    0.52201E+04
    0.93449E-01    0.49736E+04
    0.95337E-01    0.47298E+04
    0.97263E-01    0.44925E+04
    0.99227E-01    0.42651E+04
    0.10123E+00    0.40500E+04
    0.10328E+00    0.38492E+04
    0.10536E+00    0.36642E+04
    0.10749E+00    0.34957E+04
    0.10966E+00    0.33430E+04
    0.11188E+00    0.32054E+04
    0.11414E+00    0.30822E+04
    0.11644E+00    0.29728E+04
    0.11880E+00    0.28767E+04
    0.12120E+00    0.27933E+04
    0.12365E+00    0.27224E+04
    0.12614E+00    0.26637E+04
    0.12869E+00    0.26169E+04
    0.13129E+00    0.25811E+04
    0.13394E+00    0.25525E+04
    0.13665E+00    0.25279E+04
    0.13941E+00    0.25037E+04
    0.14223E+00    0.24766E+04
    0.14510E+00    0.24436E+04
    0.14803E+00    0.24018E+04
    0.15102E+00    0.23486E+04
    0.15407E+00    0.22817E+04
    0.15718E+00    0.21995E+04
    0.16036E+00    0.21028E+04
    0.16360E+00    0.19968E+04
    0.16690E+00    0.18864E+04
    0.17028E+00    0.17760E+04
    0.17371E+00    0.16692E+04
    0.17722E+00    0.15686E+04
    0.18080E+00    0.14765E+04
    0.18446E+00    0.13944E+04
    0.18818E+00    0.13235E+04
    0.19198E+00    0.12646E+04
    0.19586E+00    0.12174E+04
    0.19982E+00    0.11796E+04
    0.20386E+00    0.11492E+04
    0.20797E+00    0.11240E+04
    0.21218E+00    0.11025E+04
    0.21646E+00    0.10832E+04
    0.22083E+00    0.10646E+04
    0.22530E+00    0.10454E+04
    0.22985E+00    0.10245E+04
    0.23449E+00    0.10006E+04
    0.23923E+00    0.97324E+03
    0.24406E+00    0.94309E+03
    0.24899E+00    0.91082E+03
    0.25402E+00    0.87710E+03
    0.25915E+00    0.84254E+03
    0.26439E+00    0.80771E+03
    0.26973E+00    0.77309E+03
    0.27518E+00    0.73910E+03
    0.28074E+00    0.70611E+03
    0.28641E+00    0.67440E+03
    0.29219E+00    0.64416E+03
    0.29810E+00    0.61536E+03
    0.30412E+00    0.58796E+03
    0.31026E+00    0.56193E+03
    0.31653E+00    0.53721E+03
    0.32292E+00    0.51376E+03
    0.32945E+00    0.49154E+03
    0.33610E+00    0.47049E+03
    0.34289E+00    0.45058E+03
    0.34982E+00    0.43176E+03
    0.35689E+00    0.41397E+03
    0.36409E+00    0.39710E+03
    0.37145E+00    0.38108E+03
    0.37895E+00    0.36581E+03
    0.38661E+00    0.35123E+03
    0.39442E+00    0.33726E+03
    0.40239E+00    0.32385E+03
    0.41052E+00    0.31095E+03
    0.41881E+00    0.29851E+03
    0.42727E+00    0.28649E+03
    0.43590E+00    0.27485E+03
    0.44471E+00    0.26360E+03
    0.45369E+00    0.25272E+03
    0.46286E+00    0.24221E+03
    0.47221E+00    0.23206E+03
    0.48174E+00    0.22226E+03
    0.49148E+00    0.21282E+03
    0.50141E+00    0.20371E+03
    0.51153E+00    0.19493E+03
    0.52187E+00    0.18648E+03
    0.53241E+00    0.17835E+03
    0.54317E+00    0.17053E+03
    0.55414E+00    0.16302E+03
    0.56533E+00    0.15582E+03
    0.57675E+00    0.14893E+03
    0.58840E+00    0.14233E+03
    0.60029E+00    0.13602E+03
    0.61242E+00    0.12999E+03
    0.62479E+00    0.12424E+03
    0.63741E+00    0.11876E+03
    0.65029E+00    0.11354E+03
    0.66342E+00    0.10855E+03
    0.67683E+00    0.10379E+03
    0.69050E+00    0.99251E+02
    0.70445E+00    0.94908E+02
    0.71868E+00    0.90753E+02
    0.73320E+00    0.86777E+02
    0.74801E+00    0.82968E+02
    0.76312E+00    0.79318E+02
    0.77854E+00    0.75818E+02
    0.79426E+00    0.72461E+02
    0.81031E+00    0.69243E+02
    0.82668E+00    0.66157E+02
    0.84338E+00    0.63201E+02
    0.86041E+00    0.60369E+02
    0.87780E+00    0.57657E+02
    0.89553E+00    0.55061E+02
    0.91362E+00    0.52576E+02
    0.93208E+00    0.50199E+02
    0.95091E+00    0.47926E+02
    0.97011E+00    0.45751E+02
    0.98971E+00    0.43672E+02
    0.10097E+01    0.41684E+02
    0.10301E+01    0.39784E+02
    0.10509E+01    0.37967E+02
    0.10721E+01    0.36230E+02
    0.10938E+01    0.34571E+02
    0.11159E+01    0.32984E+02
    0.11384E+01    0.31468E+02
    0.11614E+01    0.30020E+02
    0.11849E+01    0.28636E+02
    0.12088E+01    0.27313E+02
    0.12333E+01    0.26050E+02
    0.12582E+01    0.24843E+02
    0.12836E+01    0.23691E+02
    0.13095E+01    0.22590E+02
    0.13360E+01    0.21539E+02
    0.13630E+01    0.20536E+02
    0.13905E+01    0.19578E+02
    0.14186E+01    0.18663E+02
    0.14472E+01    0.17790E+02
    0.14765E+01    0.16957E+02
    0.15063E+01    0.16162E+02
    0.15367E+01    0.15403E+02
    0.15678E+01    0.14678E+02
    0.15994E+01    0.13987E+02
    0.16318E+01    0.13327E+02
    0.16647E+01    0.12697E+02
    0.16984E+01    0.12096E+02
    0.17327E+01    0.11523E+02
    0.17677E+01    0.10976E+02
    0.18034E+01    0.10454E+02
    0.18398E+01    0.99563E+01
    0.18770E+01    0.94818E+01
    0.19149E+01    0.90296E+01
    0.19536E+01    0.85986E+01
    0.19930E+01    0.81880E+01
    0.20333E+01    0.77967E+01
    0.20744E+01    0.74241E+01
